-4.208955223880597
-4.268656716417911
-4.3283582089552235
-4.358208955223881
-4.417910447761194
-4.447761194029851
-4.477611940298507
-4.507462686567164
-4.537313432835821
-4.567164179104478
-4.597014925373134
-3.7611940298507465
-4.626865671641791
-4.656716417910448
-4.686567164179104
-3.671641791044776
-4.7164179104477615
-4.746268656716418
-3.611940298507463
-4.776119402985074
-4.8059701492537314
-4.835820895522388
-3.5223880597014925
-4.865671641791045
-4.895522388059701
-3.4328358208955225
-4.925373134328358
-4.955223880597015
-4.985074626865671
-3.3134328358208953
-5.014925373134329
-5.044776119402985
-5.074626865671642
-5.104477611940299
-5.134328358208955
-5.164179104477612
-5.223880597014926
-5.253731343283582
-5.970149253731344
-5.940298507462686
-5.880597014925373
-5.82089552238806
0.0
0.0
0.0
0.0
0.0
0.0
0.0
0.0
